142310 168730
632660 633320
1574814 1595372
408340 415362
614546 591532
2027624 2025150
1639840 1660240
1107668 1089492
1104152 1091290
153160 150698
513084 521320
2182986 2191738
550146 532332
117438 121408
1770790 1777728
343560 332740
1358846 1364064
1297066 1292218
2218246 2210260
893708 893276
507764 515930
1958028 1938848
2560462 2582176
564264 572168
454314 427248
2398118 2408678
373410 383746
426222 453564
362136 371726
2499220 2497664
1451660 1456302
862796 867796
2314848 2306870
1272154 1247170
206444 217324
2459870 2475692
1558564 1563848
608382 591720
412762 418318
83500 76768
601188 589854
47030 49256
1358084 1367654
1550898 1542498
2340904 2332974
367400 376588
839264 821444
1990430 1993224
1520202 1530382
2369098 2386818
2329078 2331078
1711460 1728916
922804 931750
1527400 1509210
2121110 2124122
846830 844392
1934348 1943150
1413968 1423078
335802 329508
592072 608178
361274 372222
1736734 1750750
1856816 1857068
353178 352376
150136 136880
2445574 2450972
1622718 1619312
281448 276026
310636 316488
484534 476524
502140 500356
2223616 2214676
807208 797122
796562 790140
2421386 2395148
34682 34874
1209068 1203002
428374 426770
726474 721356
1486174 1475896
250064 248154
2108572 2119070
783224 769156
655602 673276
2131062 2142686
379472 362060
1868622 1895206
1542770 1557108
1434696 1412774
2010168 2019604
2162886 2185400
1203672 1181818
1224932 1231058
805800 805190
1912604 1919354
2580066 2555934
305024 311066
2249208 2231304
1677664 1694510
629190 639448
1656820 1660808
1092178 1081664
1501888 1485448
1356514 1345484
2032872 2042810
742158 723206
524964 546146
662564 665294
1948660 1944436
1334896 1311378
2146900 2137326
1378860 1395658
2196884 2213816
1823446 1812186
2275558 2271976
2255592 2236700
2033508 2061502
2294742 2306676
569296 578594
186100 192326
767144 777656
2093934 2077688
1948466 1938240
1581380 1594344
1602060 1574706
328142 334768
164016 166874
1299166 1306896
2525382 2549998
1432712 1432262
645122 640060
546996 540792
598556 604800
624086 637988
2066778 2065140
1870790 1870136
1290460 1298078
2218504 2198932
1200702 1180160
417120 418048
2452118 2454328
1982628 1982274
1416316 1432480
2519884 2501420
1743086 1763964
152186 157104
503236 519756
707500 703178
1116780 1142178
843484 838600
778036 771244
2283498 2274614
347096 351004
160922 150380
2516394 2493182
839968 841076
1168692 1159662
1607340 1606926
1271778 1264212
1875704 1890366
1876710 1883924
2263058 2263700
1862796 1836734
757008 771786
2106458 2102468
1861758 1835628
452052 427998
569000 564170
2469540 2458124
2414732 2407104
1771408 1795948
2418280 2392902
364580 362556
2104494 2105520
605920 594788
2426244 2442550
1510820 1532426
1485942 1487870
1369594 1355502
745052 733246
338994 334074
819388 819644
380692 363192
1138512 1136368
378472 384420
693204 699618
644358 638314
1124150 1141868
2173652 2177536
279982 277752
594698 605054
82892 79420
138548 141654
1333816 1330024
2460550 2473228
1233584 1241986
1489450 1497718
1139714 1142478
2583346 2568958
2207738 2205526
1682202 1674814
1480144 1490830
1479352 1499228
661574 684778
1206828 1191942
2350918 2326986
1617712 1606190
1890102 1893438
1321648 1330518
988326 991596
2300874 2293830
1021844 1022466
216490 197068
435380 436470
1494724 1499428
1499714 1502812
967436 969440
1289874 1280250
159388 157918
1855962 1845010
737376 727016
1418872 1436150
863144 860552
278922 265194
1076978 1076208
2453954 2450016
1615374 1611104
2506100 2504516
914432 886734
1559740 1549856
1163116 1170860
427936 426492
219128 218692
1043818 1031594
444338 433436
266456 277936
974384 979050
210756 198712
1813652 1810936
1335820 1325362
2105558 2100258
379172 370236
393538 403034
91160 84188
2496496 2519044
2235402 2237728
789032 789940
2222364 2218604
738586 724986
2549972 2531428
1531550 1519880
1096842 1082952
1197246 1185056
1429166 1432284
2445942 2446298
952084 950848
460486 482042
1004992 1000448
1982032 1995716
1562992 1548310
755112 779592
978058 964102
1220600 1235112
369028 362288
774056 755000
2078136 2081108
1972510 1980560
484614 460520
1380432 1402068
1064550 1067056
739776 737688
1351062 1353194
203732 209156
2196134 2197980
1772792 1794376
487536 463448
1461656 1462584
2376624 2367550
2264988 2267158
1552618 1556002
2432590 2439556
267612 283226
1381234 1378428
688646 714434
742774 747524
1349716 1369898
862416 854214
636228 623786
1370996 1343746
2516802 2499366
694490 695228
1493716 1503946
295504 319686
902314 885224
1464850 1451616
1886804 1875688
439504 426646
1040320 1039782
2210120 2213280
2548472 2547228
2002142 2012424
2365128 2378394
2163980 2170482
165572 165410
1812904 1829294
121508 122282
1023020 1037288
1799052 1799030
545590 535066
1468978 1465538
1117044 1142678
1388444 1380342
2053226 2057634
994016 984922
2303026 2315756
1030330 1038046
1369226 1364220
1109754 1089174
2345152 2345104
801866 794764
445412 430526
1246264 1265368
1542550 1559356
2436390 2426834
354310 335184
1503394 1476552
1311004 1328008
841366 834392
2221946 2197196
1181868 1184880
888984 902312
1181452 1184202
1418218 1435642
1322716 1310722
2184566 2190842
721992 732898
801140 801916
527226 543630
889766 890586
173994 184842
448896 438962
2232296 2244438
2176576 2180662
1409918 1437030
1409856 1437506
2338844 2334062
2288552 2263538
1153304 1168946
1532944 1526614
324690 315256
893298 911648
400438 393854
110502 121282
220856 215600
2081692 2067984
1463170 1462414
2219756 2210966
1393562 1381454
1055954 1050644
2114058 2097512
1489510 1486232
2405228 2408338
1677122 1679746
1126990 1133790
210034 224882
434416 431322
990248 991826
2311500 2295656
2075282 2080530
637324 628142
2180702 2170166
1300616 1280668
996868 1005178
1689756 1679604
410356 395492
1824852 1802326
100352 109940
792946 790022
401050 415614
372300 389228
1560948 1567726
1986412 1967462
2449262 2438620
2090588 2066332
932360 945526
188790 175310
2043148 2043852
1120814 1116696
685160 661426
2526024 2531472
1958644 1949734
2491700 2492806
1958404 1939784
2404248 2411368
1842218 1859686
1906872 1920946
462104 484524
2151838 2155566
1804088 1808624
1317404 1312978
2173190 2177886
1971674 1974626
2492990 2495056
713094 692136
2321100 2321086
1553032 1562476
2130668 2158412
576112 561212
272402 274810
1501436 1495538
1497404 1477510
231462 230486
2278736 2263802
1036390 1034726
745970 726590
1764862 1742874
612274 615310
985032 984860
869480 860890
108844 99172
235342 236440
1860192 1857770
893078 886588
2187752 2172994
1926030 1909782
2490522 2503744
2558434 2563824
1256858 1269798
1549426 1565014
2271850 2275960
1230296 1213712
2519352 2497032
2437356 2454300
617894 606914
1253734 1271914
1567446 1545308
2558768 2579276
1896460 1881202
1125768 1119772
1322730 1340040
2540216 2546072
1885618 1869116
526980 553622
467408 477638
1176426 1147030
721044 744916
2084996 2067006
2050152 2045992
1450392 1467532
9834 8980
69615 87633
63020 76084
185368 203432
1836 1920
176272 180848
1410 1496
234825 236465
171856 176336
12650 13120
67095 71145
7608 7824
280540 365084
3066 3218
10744 10856
8456 8028
546780 545834
17296 18416
947835 1125765
66928 66992
465892 467838
79750 88730
100485 124155
5020 5564
122265 139815
6232 6368
122368 123152
141664 153176
196724 202444
123874 122580
308620 389924
319550 430402
2620 2924
356408 399592
437456 455344
469028 486178
503056 514736
12285 14595
522405 525915
600392 669688
609928 686072
624184 691256
635624 712216
643336 652664
667964 783556
726104 796696
802725 863835
879712 901424
898216 980984
28654 28128
998104 1043096