Bydgoszcz	3	62	195000	4
Bydgoszcz	2	49	185000	2
Bydgoszcz	4	95	189000	1
Bydgoszcz	2	39	95000	0
Toruñ	3	73	255000	2
Toruñ	2	49	184000	0
Toruñ	2	56	240000	0
Gdañsk	1	30	185000	1
Gdañsk	3	50	249000	0
Gdañsk	1	29	499000	0
Gdañsk	3	92	730000	1
Gdañsk	2	50	299000	0
Warszawa	3	73	479000	1
Warszawa	2	62	545000	2
Warszawa	3	72	640000	1
Warszawa	2	45	400000	2
Warszawa	1	39	344000	1
Bydgoszcz	1	42	165000	2
Bydgoszcz	2	52	205000	2
Bydgoszcz	2	73	290000	1
Bydgoszcz	2	64	260000	0
Toruñ	2	57	255000	3
Toruñ	3	74	330500	1
Toruñ	2	53	243000	2
Gdañsk	1	42	259000	1
Gdañsk	2	52	320000	0
Gdañsk	3	74	458000	2
Gdañsk	4	92	572500	1
Gdañsk	3	64	299000	2
Warszawa	2	52	460000	1
Warszawa	3	66	584000	2
Warszawa	3	69	610000	1
Warszawa	2	49	433000	2
Warszawa	1	36	320000	3
Wroc³aw	3	78	510000	0
Wroc³aw	1	85	560000	2
Wroc³aw	2	58	380000	1
Wroc³aw	2	28	183000	2
Wroc³aw	1	75	490000	0
Wroc³aw	3	62	405000	0
Wroc³aw	1	45	295000	0
Wroc³aw	2	71	465000	2
Gdañsk	1	45	278000	2
Gdañsk	2	63	392000	3
Gdañsk	2	90	560000	3
Warszawa	1	29	258000	3
Warszawa	2	28	250000	2
Warszawa	1	100	890000	1
Warszawa	2	59	525000	3
Warszawa	2	81	720000	1
Wroc³aw	1	28	180000	1
Wroc³aw	1	80	524000	2
Wroc³aw	3	51	333000	3
Wroc³aw	2	65	425000	2
Bydgoszcz	2	51	200000	2
Bydgoszcz	3	63	250000	0
Bydgoszcz	1	64	255000	2
Toruñ	1	99	406000	3
Toruñ	1	37	152000	0
Toruñ	2	72	295000	0
Gdañsk	2	88	555000	0
Gdañsk	1	64	400000	2
Sopot	2	54	516000	3
Sopot	3	78	745000	1
Sopot	2	56	530000	2
Sopot	3	69	660000	3
Sopot	3	75	715000	1
Sopot	2	54	510000	2
Sopot	1	45	430000	1
Wroc³aw	4	96	630000	0
Wroc³aw	2	53	350000	2
Wroc³aw	3	67	440000	1
Gdañsk	1	34	210000	2
Gdañsk	2	54	335000	4
Gdañsk	1	36	225000	3
Warszawa	3	78	690000	2
Warszawa	4	95	840000	1
Bydgoszcz	1	34	132000	0
Bydgoszcz	2	55	210000	1
Bydgoszcz	3	67	260000	2
Bydgoszcz	2	49	180000	0
Toruñ	3	64	280000	3
Toruñ	3	72	320000	1
Toruñ	2	49	220000	2
Gdañsk	1	39	370000	1
Wroc³aw	3	63	410000	0
Wroc³aw	1	32	210000	3
Wroc³aw	2	61	400000	2
Bydgoszcz	2	58	220000	2
Bydgoszcz	1	42	160000	0
Bydgoszcz	3	69	265000	3
Toruñ	1	43	190000	1
Toruñ	2	52	230000	1
Toruñ	2	55	240000	2
Gdañsk	3	76	490000	0
Gdañsk	2	46	290000	2
Sopot	1	42	400000	0
Sopot	2	55	520000	1
Sopot	2	62	590000	2