18917149
35482387
281993761
496000071
229821067
28657
55410034
511603681
59105577
312992317
57301391
2
369668896
310288177
85741169
76278492
4460977
10946
3524578
732470191
26829292
17711
13
305132563
14433171
377
249915801
439754881
2
70916089
3524578
75025
233
18898816
58160745
216066941
234456527
610
82680307
273555761
348032413
459241057
469422613
13815221
10946
1597
706162417
9362923
5904742
377
5092126
357515572
228586333
407151291
5
8
1363821
343134540
233656327
13438101
74412571
324881
835448673
350239281
22473065
1106561
19513801
41516713
102334155
1597
44671503
409374905
36021773
10599751
411182849
241992465
514229
674910301
55970049
259326585
420634276
24157817
231627113
2584
6765
296539141
284402173
886749001
525647415
55
469935129
309815933
313351081
21
165580141
908589243
5702887
35024809
59548557
681320289
121393
15624729
274840455
165580141
24157817
27814666
392346
923553
22228846
220328317
1346269
99210313
226295669
2584
376967551
757381633
258127851
55553970
21258909
435226501
21
74355231
55986815
278681983
32679505
987
410588378
68437896
9227465
10709441
284536721
266267435
98026461
47380411
6765
111145
73506104
17711
466775079
46368
220971501
6323491
387416394
725920273
5665
304599729
687632251
514229
260335261
91054585
2178309
1582417
15424033
65097913
610
3
17711
275019263
28657
225932497
39088169
21
671878153
10665418
46847383
398800657
291015997
221655851
13
316483153
298160391
4181
419118876
8
610
5
503991233
82672225
272900764
418567202
522806017
305911225
410732071
267914296
90414538
304904125
330991701
54700277
847614585
24157817
16666098
42859076
374009787
41094460
14930352
71960293
219109847
277043545
18137501
476382481