10531
21490
4806
25658
8267
21469
15580
23573
26839
7777
30497
28587
31065
27410
29781
29729
9083
30962
12528
8746
4734
9355
17429
23274
5998
31422
5629
18469
8384
5792
4641
1323
28699
12696
25617
22352
10175
13698
3050
23180
20419
14376
13646
2398
23932
23641
4226
5588
22857
19978
5633
22165
27649
18146
24084
21568
1203
22304
7979
22266
26105
27198
26693
29282
7664
27039
17160
15796
31558
29059
20140
16594
9824
21854
31938
23532
10622
8984
7302
19295
21003
21532
25615
22658
14366
14378
19086
2274
30567
15221
23260
9996
25738
20378
11421
22551
3079
9624
11448
10597
25916
13976
12247
20991
3727
19498
22041
27755
12345
11972
14247
16412
4614
10823
4759
19741
28762
27970
25462
32333
29910
22106
15338
5495
14527
24730
20319
5357
18190
32067
24522
21192
21496
1377
16646
3512
23073
6789
23162
19588
12268
5163
17640
10867
25632
18399
21170
2810
12785
19916
14096
27462
6994
25406
13572
31604
32252
32663
9410
3039
19804
7632
24452
25548
17067
21686
15962
2921
14890
8211
14237
5689
29241
7561
16380
19908
4501
14846
26534
10426
23094
4142
22883
9985
7718
4028
29940
18147
13809
20263
16635
25833
31938
23866
30933
26644
2259
4070
2451
18499
19702
5331
28311
9160
31158
29668
9764
26086
10977
29054
27990
2561
23069
29093
13035
28249
3271
22349
23589
24870
23783
32018
14923
27006
15245
7658
23420
31079
28325
16986
27934
27344
5323
20548
29586
18456
6828
17718
28294
2254
14618
21155
28649
3049
16220
30308
25541
10287
5490
11563
15107
32728
10961
17663
12379
32490
32207
9674
17481
31344
16520
11946
5230
5986
20955
5438
9178
18280
31068
23903
24955
20372
30146
10851
9855
18292
23281
7119
6375
27218
16657
7501
7797
20415
12411
21357
6846
12717
32292
26499
21470
23954
12196
6179
4983
20590
17926
5550
16416
21152
10083
29697
18645
4363
32104
24133
20007
9766
30433
24132
7464
15101
9853
23442
13435
27936
9762
12922
21942
9472
12761
22981
11980
27931
24188
15113
21528
12138
27014
17572
7654
5460
14130
11705
23357
2465
10774
29515
21108
7608
9329
23988
26869
16411
19825
1169
13924
13256
9241
1489
6779
31853
2135
6047
30229
25281
14685
18172
4927
6993
12446
16708
19046
28458
23709
9953
30709
11341
13976
15535
18123
12138
29738
13327
24597
32463
19155
19979
8961
31832
4382
26360
24877
9299
20892
7231
6267
21800
7784
23338
11768
5249
11220
24661
31205
13894
1360
24924
26895
3202
6050
25552
14087
12119
28229
31019
10329
23843
29302
27978
27316
23738
13057
10624
3187
7797
8292
23930
29685
1740
11230
20284
18824
18112
30327
9393
9559
5203
25026
22779
3719
22213
13725
9673
20378
32490
6884
8492
28892
12205
25035
13334
3428
12383
28282
9007
17717
22612
9782
15570
20548
11392
16427
19830
1605
30590
28606
18072
26299
30681
22451
10943
17464
30533
5268
21650
25603
26867
4932
29031
25034
3829
2424
27865
1441
3558
2116
26708
15057
9629
20776
2460
10812
2037
12003
27930
16428
1633
14640
20143
29581
8135
8183
24329
29671
9439
24037
30724
10700
9308
29384
3978
7060
27371
14777
19282
11480
13554
25308
15724
10281
27299
29104
24667
16261
9743
4102
23816
9128
26408
32649
10731
12531
14980
14462
26186
19740
12726
29644
16886
32717
14408
13148
14732
19239
20824
4707
21336
32517
24556
4343
27639
16204
4833
29392
10469
3864
6430
32145
4159
20835
2324
24611
11548
19965
25137
7290
30124
7209
4201
16981
4853
15100
20115
12750
26844
3705
2007
15583
17211
23779
25474
5701
8848
24119
31345
13056
18845
16018
13108
11275
31377
17240
15148
24105
24161
5185
10456
6944
19838
7039
3310
24552
4607
22848
25554
3373
14627
5681
22793
14644
32740
30579
20505
3332
11628
18931
2833
22959
8467
7059
10748
12602
28130
28618
7352
8050
19332
8199
15096
17415
15580
7507
27628
7691
18569
10752
9574
17320
11858
23270
14337
20725
6430
18321
3562
22045
29518
4166
11255
32462
23232
10669
28297
11965
9938
17064
5986
12620
29959
10800
28600
25269
8165
10131
23360
13578
26845
1628
26383
14332
17630
16122
11651
23715
15052
11158
16005
10199
5377
5841
24450
24958
11214
29225
24288
16655
1811
4655
1251
2789
13136
18151
28850
1599
17678
6900
2048
1845
10123
3955
6170
20765
27330
19843
12632
20171
5366
1106
32134
22748
28622
24915
20220
18392
22325
20902
15684
10090
15900
25196
2972
10815
5143
11676
21130
23029
12086
20444
13535
2887
13610
3542
19176
26201
7849
26925
5852
12327
12189
25852
16460
31492
10586
25087
3307
24889
13004
31835
19146
26676
27788
31305
20883
14604
23863
17882
5139
24833
30602
28025
19780
12930
29326
29420
12630
23691
25955
5349
15407
30120
26138
27209
23633
14181
32642
32049
9386
22822
16796
3551
7249
17479
5988
16254
24407
2632
30732
29697
11364
28954
10558
30057
27753
16014
23304
27177
11361
26913
14736
5260
6904
16528
9885
27411
5889
6276
5314
16690
24795
6913
30715
28282
17651
10054
12491
23543
32210
4944
6393
21616
24170
7253
27579
23337
14684
18418
6073
31761
16486
29781
28186
24461
5983
29642
32113
13006
12268
28124
18999
13658
13317
10049
16360
10643
18658
13315
22314
31197
27608
11513
15539
10733
28733
17537
22703
24026
11565
2690
16510
26636
3696
31065
17473
15825
15033
7448
20127
29276
1995
1745
18981
22342
24861
32641
9064
25684
2913
11237
5113
23787
22058
10170
29728
21173
10635
29496
26217
9056
13183
6913
7379
3738
3986
1084
4045
4039
31445
23760
19489
10552
31954
32262
30798
7340
26816
3183
23736
2437
8782
19518
12890
19580
13204
16413
3359
29407
6240
24830
8574
9493
14310
6485
17631
29681
25200
22127
31165
10999
8056
16634
6096
22499
2509
31295
9194
17339
17125
17655
4166
26034
13178
20940
5320
3272
15650
4724
12914
18499
29045
15855
7296
15712
26097
16570
1504
30740
8405
27477
28401
13026
24448
17990
7833
6232
17404
25357
1745
6289
26504
12361
20246
24898
27074
2159
7663
9200
1221
31164
15091
25737
2878
17170
6283
14310
24932
24836
10953
19757
23877
10096
14516
24226
1661
3197
7103
21380
18021
4113
32240
29865
21114
2238
14813
21515
20659
30630
14762
16716
6955
1122